199 9
25 4 78 79 97 9 27 0 0 
0 0 16 6 90 77 102 4 70 
1 0 0 86 20 6 66 51 3436 
8 21 1 0 0 15 4 67 150 
110 6 53 1 0 0 0 10 8 
76 51 109 8 44 1 0 0 15 
6 63 76 101 8 45 0 0 0 
81 8 5 87 80 107 5 23 1 
0 0 13 6 95 81 108 3 70 
1 0 0 0 12 6 71 60 4425 
7 21 1 0 0 12 4 72 190 
115 4 53 1 0 0 0 8 8 
80 56 111 7 44 1 0 0 0 
16 4 78 81 97 6 27 0 0 
0 62 16 6 93 73 102 4 70 
1 0 0 0 12 6 71 60 3086 
7 21 1 0 0 0 0 17 4 
53 37 91 21 44 3 0 0 0 
0 14 5 84 58 105 8 23 1 
0 0 24 5 79 58 92 8 70 
1 0 0 42 6 80 30 90 16 
35 1 0 0 33 4 36 31 2130 
17 21 3 0 0 31 1 35 46 
84 13 53 2 0 95 0 0 25 
4 43 64 98 18 45 0 0 504 
31 4 69 71 97 11 27 0 0 
52 0 36 4 63 57 85 10 70 
2 0 68 48 4 66 44 82 12 
35 2 0 91 26 5 59 33 2648 
18 21 1 0 0 7 4 71 215 
124 8 53 1 0 0 6 3 307 
71 91 16 61 1 0 0 4 8 
78 57 118 16 44 1 0 0 9 
6 59 75 102 21 45 0 0 1200 
31 4 67 70 97 11 27 0 0 
0 17 4 79 56 101 8 24 1 
0 0 90 46 4 63 35 81 14 
36 3 0 0 31 4 37 68 2046 
26 22 1 0 0 20 3 61 100 
97 7 53 1 0 0 9 2 225 
53 83 17 62 1 0 0 0 17 
5 58 69 101 14 46 0 0 0 
0 12 5 84 55 107 8 24 1 
0 0 79 31 6 83 38 99 15 
36 1 0 0 12 6 67 53 4209 
11 22 1 0 0 11 4 72 175 
122 5 53 1 0 0 0 7 8 
80 55 116 16 44 1 0 0 500 
16 4 78 81 97 11 27 0 0 
0 0 9 6 92 79 113 4 71 
1 0 0 0 10 6 69 55 4746 
11 22 1 0 0 0 0 6 8 
80 56 119 12 44 1 0 0 0 
25 4 78 77 97 11 27 0 0 
0 0 0 45 4 72 27 87 19 
36 1 0 0 0 20 3 64 100 
109 9 53 1 0 0 10 2 250 
48 79 14 62 1 0 0 16 4 
57 35 88 17 44 1 0 0 2000 
31 4 71 71 97 11 27 0 0 
87 18 4 69 44 98 11 24 2 
0 59 42 4 55 50 78 7 71 
2 0 72 54 4 46 26 73 19 
36 3 0 0 96 41 1 24 69 
83 12 53 3 0 96 18 1 97 
33 67 27 62 2 0 0 43 26 
4 36 53 90 25 46 0 0 0 
31 4 71 71 97 14 27 0 0 
0 0 36 4 60 51 83 10 72 
1 0 0 0 29 4 36 19 2254 
30 23 2 0 0 3 12 1 140 
50 73 29 63 1 0 0 14 4 
57 35 89 26 45 1 0 0 0 
13 4 78 81 97 9 27 0 0 
0 8 5 87 78 107 7 24 1 
0 0 16 6 89 73 107 6 72 
1 0 0 0 12 6 68 52 4129 
13 23 1 0 0 93 9 3 304 
65 87 8 63 1 0 0 0 11 
6 63 78 101 8 47 0 0 0 
13 4 78 81 97 11 27 0 0 
0 0 9 6 90 76 110 6 72 
1 0 0 70 0 11 4 72 190 
121 6 54 1 0 0 0 12 3 
35 39 91 16 45 3 0 0 0 
18 4 78 81 97 10 27 0 0 
0 0 11 6 89 70 107 7 72 
1 0 0 0 0 11 4 66 140 
119 10 54 1 0 0 0 0 14 
6 60 74 101 12 47 0 0 0 
0 0 24 4 68 62 95 7 72 
2 0 74 0 28 4 46 28 2511 
25 23 2 0 94 0 13 1 120 
47 77 29 63 2 0 72 0 26 
4 38 52 95 20 47 0 0 12 
0 14 4 78 54 103 9 24 1 
0 0 0 50 4 58 34 83 17 
37 3 0 88 0 30 1 46 97 
94 8 54 3 0 0 0 0 0 
31 4 67 69 97 12 27 0 0 
0 0 38 4 59 54 80 9 72 
3 0 0 89 0 11 4 69 175 
117 7 55 1 0 0 67 7 8 
77 53 112 11 46 1 0 0 13 
6 63 74 101 10 47 0 0 0 
16 4 78 79 97 11 27 0 0 
0 0 16 6 89 73 103 5 73 
1 0 0 0 9 6 70 58 4952 
10 24 1 0 0 0 8 3 400 
65 93 9 63 1 0 0 0 13 
6 63 74 101 10 47 0 0 0 
16 4 78 81 97 11 27 0 0 
0 0 0 14 7 92 60 112 11 
38 1 0 0 0 0 7 3 455 
72 94 6 63 1 0 0 60 0 
13 4 78 83 97 8 27 0 0 
0 0 24 5 81 60 96 9 73 
1 0 0 25 6 84 38 98 18 
38 1 0 0 0 19 3 61 100 
104 10 55 1 0 0 10 2 250 
48 78 19 63 1 0 0 16 6 
70 37 100 25 46 1 0 0 26 
4 39 49 90 26 47 0 0 0 
0 5 5 87 76 107 8 25 1 
0 0 9 6 93 78 112 5 73 
1 0 0 14 7 90 57 111 13 
38 1 0 0 0 9 4 69 180 
123 6 55 1 0 0 0 11 6 
74 39 97 21 46 1 0 0 20 
4 39 65 96 22 47 0 0 0 
29 4 73 63 97 21 27 0 0 
0 14 4 76 57 102 9 25 3 
0 65 24 3 44 55 82 6 73 
3 0 0 34 4 67 30 85 18 
38 1 0 0 26 5 54 40 2472 
16 24 1 0 0 0 17 1 98 
50 72 17 63 2 0 48 0 0 
18 4 78 81 97 11 27 0 0 
0 0 0 25 7 91 62 110 9 
38 1 0 0 0 37 1 22 49 
86 12 55 2 0 69 16 1 116 
40 71 17 63 2 0 0 13 4 
54 36 94 17 46 2 0 37 19 
4 46 70 100 14 47 0 0 144 
18 4 78 81 97 8 27 0 0 
0 0 35 4 68 60 90 7 73 
2 0 68 37 6 75 47 93 13 
38 3 0 0 0 8 4 69 180 
111 5 55 1 0 0 12 2 198 
51 78 19 64 1 0 0 14 6 
71 61 99 27 46 1 0 0 19 
5 58 69 101 16 48 0 0 0 
18 4 78 74 97 18 27 0 0 
0 19 4 69 43 97 11 26 3 
0 0 37 4 69 51 87 9 74 
1 0 0 55 4 46 26 76 21 
39 3 0 0 96 31 1 50 75 
96 11 56 1 0 0 9 2 250 
52 88 21 64 1 0 0 0 0 
20 4 78 77 97 19 27 0 0 
0 12 5 84 64 107 9 26 1 
0 0 0 25 7 87 50 108 14 
39 1 0 0 0 11 4 69 150 
126 8 56 1 0 0 0 0 14 
6 60 74 101 11 48 0 0 0 
0 0 13 6 87 72 111 9 74 
1 0 0 0 0 11 4 67 150 
118 9 56 1 0 0 0 18 4 
52 33 87 26 46 2 0 0 26 
4 30 51 90 14 48 0 0 0 
31 4 67 68 97 11 27 0 0 
0 19 4 66 41 97 9 26 3 
0 0 44 4 52 44 77 12 74 
3 0 81 50 4 55 27 78 14 
39 1 0 0 30 4 32 27 2108 
19 25 2 0 70 31 1 45 75 
92 8 56 2 0 68 0 17 4 
55 39 92 21 46 3 0 0 26 
4 42 66 97 14 48 0 0 31 
4 30 51 90 16 48 0 0 0 
26 4 78 71 97 15 27 0 0 
0 0 24 5 84 60 100 9 75 
1 0 0 21 6 84 27 102 21 
40 1 0 0 14 5 64 24 3158 
28 26 1 0 0 15 4 72 170 
125 5 57 1 0 0 8 3 350 
63 92 13 65 1 0 0 0 16 
6 60 74 101 13 49 0 0 0 
0 8 5 87 76 107 8 27 1 
0 0 21 5 82 60 104 14 75 
1 0 0 25 6 84 40 107 18 
40 1 0 0 0 12 3 65 110 
113 12 57 1 0 0 10 2 225 
51 89 27 65 1 0 0 14 6 
73 43 102 21 47 1 0 0 20 
6 58 69 101 11 49 0 0 0 
2 7 5 84 71 105 7 27 1 
0 0 0 51 4 58 27 80 16 
40 3 0 0 29 4 50 30 2639 


