199 9
23 26 1 0 0 22 3 61 100 
103 10 57 1 0 0 15 1 140 
43 73 25 65 1 0 0 17 4 
61 38 96 16 47 3 0 0 25 
4 36 53 96 16 49 0 0 0 
31 4 71 72 97 18 27 0 0 
81 12 5 82 59 105 8 27 1 
0 0 41 4 56 45 76 7 75 
2 0 0 34 6 83 32 97 17 
40 1 0 0 29 4 45 34 2694 
18 26 2 0 62 30 1 46 88 
106 11 57 2 0 94 14 1 121 
52 75 14 65 2 0 63 18 4 
56 44 95 16 47 2 0 36 33 
4 36 49 90 18 49 0 0 0 
0 17 4 75 54 104 8 28 2 
0 48 36 4 65 52 84 9 76 
2 0 83 46 4 72 34 89 14 
41 1 0 0 32 4 37 29 2255 
24 27 1 0 0 34 1 38 83 
91 9 58 2 0 9 9 3 305 
62 90 11 66 1 0 0 0 0 
20 4 78 81 97 11 28 0 0 
0 0 17 6 88 65 106 6 76 
1 0 0 19 7 89 53 109 12 
41 1 0 0 0 28 3 60 100 
109 9 58 1 0 0 14 2 250 
53 80 14 66 1 0 0 17 6 
71 32 101 29 48 1 0 0 22 
5 58 65 101 19 50 0 0 0 
31 4 63 60 97 29 28 0 0 
0 15 4 73 42 99 14 28 1 
0 0 41 4 56 45 76 7 76 
2 0 0 56 4 56 25 74 17 
41 3 0 0 24 5 61 37 3651 
24 27 1 0 0 0 10 2 250 
43 85 31 66 1 0 0 0 18 
5 58 69 101 16 50 0 0 0 
0 11 5 84 58 107 9 28 1 
0 0 0 52 4 58 27 75 12 
41 2 0 0 37 4 30 23 1990 
23 27 3 0 0 36 1 35 75 
89 10 58 3 0 0 17 1 140 
37 73 12 66 1 0 0 13 4 
58 40 103 23 48 2 0 63 13 
6 60 74 101 11 50 0 0 0 
0 0 27 4 67 54 98 14 76 
2 0 79 34 6 75 42 95 15 
41 3 0 0 0 17 3 54 120 
114 10 58 2 0 85 9 3 350 
68 91 10 66 1 0 0 6 8 
79 52 114 12 48 1 0 0 13 
6 58 73 101 14 50 0 0 0 
13 4 78 81 97 11 28 0 0 
0 19 4 73 43 97 10 29 3 
0 0 0 53 4 61 29 79 14 
42 1 0 0 0 0 22 1 79 
32 66 26 67 2 0 2 0 25 
4 47 67 96 14 50 0 0 0 
0 19 4 70 44 97 9 29 3 
0 0 0 28 7 88 51 106 12 
42 1 0 0 0 18 4 65 110 
117 12 59 1 0 0 0 8 8 
78 52 115 16 49 1 0 0 0 
18 4 78 79 97 11 28 0 0 
0 0 22 5 84 60 101 9 77 
1 0 0 40 6 82 40 101 16 
42 1 0 0 22 5 61 37 3630 
24 28 1 0 0 0 10 2 250 
52 84 27 67 1 0 0 9 8 
80 56 117 9 49 1 0 0 0 
0 9 5 87 78 107 7 29 1 
0 0 0 0 14 6 69 57 4325 
12 28 1 0 0 15 4 70 149 
120 8 59 1 0 0 18 1 97 
43 68 14 67 2 0 0 0 24 
4 54 65 99 16 50 0 0 0 
0 16 4 72 47 102 10 29 3 
0 0 0 47 4 72 31 92 15 
42 1 0 0 0 2 19 1 98 
34 69 21 67 1 0 0 18 4 
52 33 86 24 49 1 0 0 0 
31 4 67 60 97 16 28 0 0 
0 18 4 72 49 100 8 29 2 
0 0 32 5 75 58 93 7 77 
3 0 82 43 4 66 43 91 12 
42 2 0 86 27 3 29 42 2720 
14 28 3 0 0 43 1 33 48 
88 14 60 2 0 0 0 0 36 
4 39 51 90 13 50 0 0 0 
31 4 60 60 97 21 28 0 0 
0 0 47 4 53 45 79 11 78 
3 0 0 0 40 4 33 20 1800 
21 29 3 0 0 0 11 3 260 
53 81 17 68 1 0 0 0 0 
27 4 78 79 97 11 28 0 0 
0 13 5 84 73 107 7 29 1 
0 0 0 35 6 82 40 104 19 
43 1 0 0 0 23 3 59 95 
108 12 60 1 0 0 12 2 200 
46 76 18 68 1 0 0 0 25 
4 51 65 99 14 50 0 0 0 
0 13 5 84 62 107 9 29 1 
0 0 28 5 83 55 97 10 78 
1 0 0 41 6 82 40 100 15 
43 1 0 0 0 24 3 59 85 
107 10 60 1 0 0 10 2 225 
53 86 27 68 1 0 0 11 6 
75 45 108 22 49 1 0 0 0 
27 4 78 81 97 11 28 0 0 
0 0 0 30 6 82 56 103 13 
43 1 0 0 0 0 0 11 8 
76 50 104 10 49 1 0 0 17 
6 60 73 101 11 50 0 0 0 
0 18 4 73 43 99 9 29 1 
0 0 39 4 72 57 89 7 78 
3 0 0 49 4 64 36 84 14 
43 3 0 88 36 4 40 27 2230 
17 29 1 0 0 25 1 49 95 
95 8 60 3 0 0 0 0 23 
4 56 69 99 16 50 0 0 0 
31 4 74 70 97 18 28 0 0 
0 0 34 4 66 58 86 7 78 
3 0 77 39 5 71 39 94 15 
43 2 0 103 17 5 55 48 3140 
15 29 2 0 86 26 1 47 115 
100 9 60 2 0 59 9 2 163 
60 82 18 68 2 0 73 18 4 
49 22 85 20 49 2 0 0 29 
4 39 51 93 16 50 0 0 0 
0 14 5 84 64 107 8 29 1 
0 0 0 36 6 80 30 96 18 
44 1 0 0 6 30 1 50 88 
102 11 61 1 0 0 1 13 6 
74 36 106 32 50 1 0 0 0 
5 13 5 84 64 107 9 29 1 
0 0 5 27 7 88 49 105 15 
44 1 0 0 0 18 4 66 129 
112 7 61 1 0 0 0 9 8 
80 49 113 15 50 1 0 0 0 
26 4 78 79 97 13 28 0 0 
0 0 20 6 90 74 109 7 79 
1 0 0 0 0 14 4 70 142 
116 8 61 1 0 0 0 0 19 
6 58 73 101 14 50 0 0 0 
0 0 25 6 91 73 105 6 79 
1 0 0 0 0 0 0 18 4 
49 22 84 17 50 2 0 0 0 
31 4 63 60 97 13 28 0 0 
0 0 46 4 61 51 75 7 79 
1 0 0 0 0 35 1 47 80 
98 9 61 1 0 0 0 18 5 
69 28 110 38 50 2 0 0 300 
29 4 78 79 97 18 28 0 0 
0 17 4 80 44 106 16 29 2 
0 64 34 6 85 55 99 15 79 
1 0 0 0 0 40 1 39 70 
90 7 61 1 0 0 21 1 105 
35 70 15 69 1 0 0 0 31 
4 34 50 92 23 50 0 0 210 
31 4 65 60 97 11 28 0 0 
0 0 40 4 77 55 91 9 79 
1 0 0 0 35 5 58 44 2595 
9 30 1 0 0 33 3 56 115 
99 6 61 1 0 0 0 18 4 
66 36 93 15 50 1 0 0 41 
4 39 58 93 13 51 0 0 0 
31 4 65 60 97 19 29 0 0 
0 0 45 4 61 45 81 8 80 
1 0 0 58 4 53 26 77 16 
45 3 0 85 34 4 52 33 2678 
22 31 1 0 0 32 1 50 88 
101 12 62 1 0 0 16 1 151 
50 78 30 69 1 0 0 12 6 
72 36 107 33 51 1 0 0 34 
4 39 60 94 15 51 0 0 4000 
31 4 73 71 97 14 29 0 0 
0 0 43 4 67 49 88 10 80 
3 0 80 57 4 64 34 88 15 
45 3 0 88 0 39 1 41 75 
93 9 62 3 0 0 23 1 86 
34 69 23 69 3 0 0 18 4 
67 41 98 18 51 1 0 0 40 
4 34 50 92 23 51 0 0 210 
31 4 65 60 97 27 29 0 0 
0 0 0 59 4 55 24 86 23 
45 2 0 0 0 42 2 47 67 
105 12 62 2 0 108 0 18 4 
64 20 105 44 51 2 0 62 44 
4 36 51 90 11 51 0 0 0 
82 0 48 4 53 86 74 10 80 
2 0 0 0 39 4 36 21 2145 
25 31 3 0 0 38 1 32 62 
85 9 62 2 0 0 20 2 168 
59 74 7 69 3 0 65 16 3 
35 39 91 13 51 3 0 0 0 
31 4 71 70 97 13 29 0 0 
0 0 33 4 74 86 94 7 80 
1 0 0 0 38 4 41 24 2290 